0000001
0000004
0000006
0000008
0000009
0000011
0000014
0000015
0000016
0000017
0000018
0000019
0000020
0000023
0000025
0000026
0000027
0000029
0000033
0000036
0000041
0000045
0000047
0000048
0000055
0000056
0000059
0000061
0000065
0000069
0000072
0000074
0000076
0000077
0000078
0000079
0000082
0000085
0000087
0000092
0000095
0000096
0000097
0000101
0000103
0000107
0000109
0000111
0000112
0000117
0000125
0000127
0000128
0000133
0000137
0000139
0000143
0000145
0000147
0000148
0000149
0000151
0000152
0000155
0000157
0000161
0000163
0000168
0000172
0000173
0000175
0000176
0000178
0000179
0000180
0000182
0000187
0000190
0000192
0000197
0000200
0000202
0000204
0000205
0000210
0000220
0000222
0000223
0000224
0000227
0000229
0000230
0000232
0000235
0000236
0000237
0000238
0000243
0000245
0000247
0000248
0000255
0000258
0000266
0000269
0000273
0000282
0000284
0000290
0000294
0000295
0000299
0000301
0000302
0000305
0000307
0000312
0000314
0000316
0000327
0000328
0000333
0000339
0000342
0000348
0000351
0000362
0000364
0000366
0000367
0000370
0000371
0000374
0000376
0000379
0000380
0000383
0000386
0000387
0000388
0000395
0000402
0000403
0000405
0000407
0000409
0000418
0000420
0000426
0000428
0000430
0000434
0000438
0000442
0000451
0000458
0000460
0000461
0000465
0000466
0000467
0000468
0000472
0000474
0000475
0000476
0000477
0000479
0000481
0000483
0000488
0000489
0000493
0000495
0000507
0000511
0000512
0000519
0000521
0000525
0000529
0000535
0000536
0000537
0000538
0000540
0000544
0000547
0000549
0000551
0000555
0000557
0000560
0000563
0000564
0000566
0000568
0000578
0000583
0000584
0000590
0000592
0000600
0000601
0000603
0000605
0000606
0000610
0000611
0000617
0000619
0000623
0000627
0000628
0000629
0000633
0000637
0000638
0000642
0000644
0000650
0000653
0000657
0000660
0000662
0000665
0000668
0000670
0000677
0000678
0000683
0000690
0000694
0000697
0000700
0000711
0000716
0000718
0000721
0000722
0000724
0000726
0000730
0000731
0000738
0000739
0000742
0000744
0000746
0000757
0000758
0000761
0000762
0000771
0000773
0000776
0000777
0000779
0000780
0000787
0000788
0000789
0000790
0000793
0000794
0000796
0000797
0000798
0000801
0000808
0000810
0000812
0000813
0000815
0000816
0000821
0000824
0000825
0000829
0000830
0000831
0000832
0000833
0000834
0000836
0000840
0000842
0000847
0000848
0000850
0000851
0000856
0000857
0000858
0000859
0000860
0000861
0000865
0000866
0000867
0000868
0000870
0000871
0000873
0000874
0000875
0000876
0000878
0000881
0000883
0000884
0000886
0000887
0000888
0000889
0000890
0000894
0000899
0000903
0000906
0000912
0000914
0000916
0000918
0000920
0000921
0000922
0000923
0000926
0000928
0000930
0000931
0000933
0000934
0000937
0000941
0000942
0000948
0000951
0000954
0000956
0000958
0000959
0000960
0000963
0000967
0000968
0000971
0000972
0000977
0000978
0000982
0000984
0000987
0000989
0000993
0000996
0000999
0001002
0001003
0001006
0001008
0001010
0001012
0001014
0001018
0001019
0001026
0001028
0001032
0001033
0001037
0001041
0001042
0001043
0001047
0001048
0001050
0001053
0001054
0001055
0001057
0001059
0001061
0001062
0001063
0001066
0001067
0001071
0001073
0001080
0001082
0001083
0001085
0001086
0001087
0001088
0001090
0001091
0001096
0001104
0001105
0001109
0001111
0001118
0001121
0001123
0001126
0001128
0001137
0001139
0001149
0001150
0001153
0001155
0001158
0001166
0001168
0001174
0001177
0001179
0001187
0001188
0001189
0001191
0001192
0001193
0001194
0001195
0001196
0001199
0001202
0001203
0001205
0001206
0001210
0001212
0001213
0001214
0001217
0001220
0001222
0001227
0001229
0001235
0001238
0001241
0001244
0001247
0001248
0001249
0001254
0001257
0001259
0001261
0001263
0001266
0001270
0001274
0001276
0001278
0001283
0001284
0001285
0001287
0001294
0001295
0001298
0001299
0001303
0001305
0001309
0001313
0001317
0001321
0001323
0001326
0001327
0001335
0001337
0001346
0001347
0001352
0001354
0001355
0001363
0001365
0001375
0001379
0001381
0001384
0001386
0001387
0001388
0001390
0001391
0001392
0001399
0001400
0001403
0001406
0001410
0001412
0001413
0001420
0001421
0001422
0001425
0001432
0001437
0001441
0001447
0001448
0001452
0001454
0001456
0001458
0001463
0001464
0001468
0001470
0001473
0001474
0001475
0001476
0001477
0001479
0001481
0001484
0001486
0001488
0001492
0001496
0001497
0001498
0001500
0001501
0001503
0001513
0001518
0001521
0001524
0001525
0001526
0001528
0001530
0001537
0001538
0001549
0001551
0001553
0001555
0001557
0001559
0001562
0001565
0001569
0001571
0001572
0001574
0001576
0001579
0001581
0001584
0001587
0001588
0001593
0001594
0001599
0001600
0001601
0001608
0001609
0001615
0001616
0001617
0001619
0001621
0001623
0001625
0001626
0001627
0001628
0001634
0001636
0001637
0001639
0001640
0001641
0001645
0001647
0001648
0001651
0001654
0001655
0001661
0001662
0001663
0001664
0001666
0001668
0001669
0001670
0001673
0001676
0001677
0001680
0001683
0001684
0001686
0001690
0001691
0001692
0001694
0001696
0001698
0001699
0001700
0001701
0001702
0001704
0001706
0001708
0001710
0001712
0001715
0001718
0001720
0001724
0001727
0001729
0001736
0001739
0001741
0001744
0001746
0001749
0001752
0001754
0001756
0001757
0001762
0001764
0001765
0001766
0001771
0001772
0001775
0001778
0001781
0001782
0001785
0001791
0001796
0001797
0001799
0001809
0001811
0001813
0001817
0001818
0001819
0001821
0001823
0001827
0001829
0001830
0001831
0001832
0001834
0001836
0001837
0001840
0001841
0001842
0001844
0001845
0001846
0001848
0001849
0001854
0001858
0001860
0001863
0001866
0001867
0001871
0001874
0001877
0001887
0001888
0001892
0001893
0001894
0001904
0001905
0001908
0001910
0001911
0001914
0001916
0001920
0001926
0001927
0001928
0001929
0001930
0001932
0001934
0001935
0001936
0001940
0001942
0001947
0001958
0001965
0001966
0001968
0001969
0001970
0001977
0001979
0001982
0001984
0001985
0001986
0001987
0001989
0001991
0001993
0001996
0001997
0001998
0002000
0002007
0002009
0002013
0002016
0002018
0002023
0002024
0002025
0002031
0002035
0002038
0002040
0002041
0002044
0002047
0002049
0002050
0002052
0002054
0002057
0002063
0002069
0002071
0002078
0002081
0002090
0002092
0002107
0002110
0002111
0002112
0002113
0002114
0002115
0002116
0002117
0002120
0002123
0002125
0002128
0002130
0002132
0002134
0002137
0002138
0002139
0002143
0002145
0002146
0002151
0002157
0002159
0002164
0002166
0002167
0002171
0002175
0002176
0002177
0002179
0002181
0002183
0002186
0002189
0002193
0002194
0002196
0002200
0002202
0002204
0002206
0002209
0002214
0002218
0002223
0002225
0002231
0002232
0002233
0002236
0002241
0002244
0002246
0002247
0002253
0002256
0002258
0002259
0002264
0002266
0002267
0002270
0002273
0002274
0002278
0002280
0002287
0002288
0002291
0002292
0002295
0002298
0002299
0002301
0002302
0002304
0002305
0002306
0002310
0002312
0002313
0002316
0002319
0002323
0002326
0002333
0002335
0002336
0002341
0002343
0002344
0002348
0002349
0002350
0002351
0002354
0002357
0002358
0002361
0002362
0002366
0002368
0002370
0002371
0002373
0002383
0002384
0002388
0002390
0002391
0002392
0002398
0002399
0002400
0002401
0002404
0002406
0002408
0002411
0002412
0002414
0002419
0002424
0002429
0002431
0002433
0002440
0002446
0002450
0002453
0002456
0002458
0002460
0002462
0002464
0002468
0002469
0002472
0002473
0002475
0002477
0002481
0002482
0002485
0002486
0002487
0002488
0002491
0002494
0002495
0002499
0002500
0002501
0002502
0002503
0002513
0002514
0002516
0002518
0002521
0002523
0002530
0002531
0002534
0002535
0002538
0002546
0002550
0002553
0002556
0002558
0002560
0002562
0002563
0002564
0002566
0002572
0002579
0002580
0002582
0002583
0002585
0002589
0002595
0002611
0002612
0002616
0002617
0002618
0002619
0002620
0002623
0002627
0002633
0002635
0002641
0002643
0002644
0002648
0002654
0002658
0002660
0002661
0002662
0002668
0002671
0002672
0002673
0002676
0002678
0002680
0002682
0002684
0002685
0002687
0002690
0002691
0002693
0002694
0002697
0002698
0002703
0002705
0002707
0002715
0002718
0002719
0002722
0002724
0002726
0002727
0002729
0002730
0002732
0002734
0002735
0002736
0002741
0002742
0002747
0002760
0002768
0002776
0002778
0002780
0002801
0002804
0002805
0002808
0002810
0002813
0002817
0002819
0002827
0002829
0002831
0002833
0002835
0002836
0002837
0002839
0002841
0002842
0002844
0002847
0002848
0002851
0002858
0002862
0002863
0002873
0002875
0002878
0002879
0002882
0002885
0002888
0002893
0002895
0002897
0002902
0002908
0002910
0002912
0002916
0002917
0002918
0002920
0002927
0002928
0002930
0002932
0002933
0002934
0002935
0002936
0002937
0002945
0002951
0002955
0002957
0002963
0002964
0002965
0002966
0002969
0002971
0002976
0002978
0002986
0002988
0002991
0002992
0002999
0003002
0003004
0003005
0003012
0003014
0003025
0003030
0003032
0003033
0003035
0003040
0003042
0003044
0003045
0003051
0003052
0003053
0003054
0003057
0003060
0003061
0003066
0003067
0003070
0003073
0003074
0003075
0003079
0003082
0003086
0003092
0003100
0003103
0003110
0003111
0003114
0003115
0003118
0003121
0003131
0003134
0003138
0003141
0003143
0003144
0003145
0003148
0003150
0003152
0003155
0003158
0003160
0003161
0003170
0003173
0003175
0003182
0003184
0003188
0003192
0003194
0003196
0003198
0003201
0003204
0003206
0003210
0003211
0003213
0003220
0003227
0003233
0003239
0003240
0003241
0003242
0003243
0003249
0003254
0003255
0003258
0003260
0003261
0003263
0003268
0003270
0003273
0003277
0003280
0003281
0003290
0003292
0003293
0003295
0003297
0003299
0003300
0003304
0003306
0003310
0003311
0003312
0003313
0003315
0003318
0003319
0003323
0003324
0003325
0003329
0003334
0003338
0003340
0003346
0003347
0003352
0003354
0003358
0003360
0003363
0003364
0003369
0003371
0003377
0003383
0003384
0003385
0003387
0003393
0003398
0003399
0003401
0003403
0003405
0003408
0003409
0003410
0003414
0003415
0003418
0003419
0003420
0003421
0003423
0003424
0003428
0003430
0003433
0003434
0003437
0003439
0003441
0003442
0003447
0003450
0003454
0003456
0003457
0003458
0003460
0003461
0003462
0003464
0003472
0003478
0003482
0003483
0003484
0003485
0003487
0003488
0003493
0003494
0003496
0003500
0003503
0003505
0003507
0003508
0003512
0003516
0003517
0003518
0003520
0003523
0003526
0003528
0003530
0003532
0003534
0003538
0003541
0003542
0003544
0003546
0003548
0003549
0003554
0003559
0003560
0003561
0003563
0003565
0003567
0003568
0003569
0003575
0003577
0003583
0003585
0003587
0003588
0003590
0003591
0003592
0003593
0003599
0003600
0003601
0003603
0003606
0003608
0003609
0003610
0003613
0003618
0003619
0003625
0003629
0003632
0003633
0003639
0003640
0003642
0003645
0003647
0003649
0003653
0003661
0003663
0003664
0003667
0003668
0003669
0003674
0003676
0003681
0003683
0003686
0003688
0003690
0003692
0003693
0003698
0003701
0003703
0003708
0003712
0003714
0003717
0003718
0003722
0003725
0003727
0003728
0003729
0003733
0003734
0003738
0003739
0003740
0003741
0003742
0003743
0003752
0003755
0003756
0003757
0003759
0003764
0003765
0003767
0003769
0003771
0003774
0003775
0003777
0003782
0003787
0003794
0003796
0003807
0003824
0003825
0003826
0003830
0003833
0003835
0003837
0003840
0003845
0003846
0003847
0003849
0003850
0003851
0003854
0003855
0003856
0003857
0003863
0003865
0003867
0003868
0003870
0003883
0003886
0003887
0003888
0003891
0003892
0003895
0003896
0003898
0003899
0003900
0003902
0003906
0003907
0003909
0003911
0003913
0003915
0003916
0003919
0003920
0003922
0003923
0003925
0003927
0003928
0003929
0003931
0003933
0003935
0003936
0003938
0003939
0003942
0003943
0003947
0003949
0003952
0003953
0003957
0003958
0003964
0003965
0003969
0003972
0003973
0003975
0003978
0003979
0003980
0003982
0003987
0003988
0003990
0003991
0003993
0003995
0003997
0004004
0004005
0004007
0004008
0004010
0004012
0004017
0004020
0004022
0004027
0004028
0004029
0004030
0004033
0004037
0004038
0004040
0004043
0004044
0004046
0004047
0004049
0004051
0004056
0004058
0004061
0004065
0004067
0004071
0004072
0004074
0004076
0004082
0004087
0004090
0004093
0004100
0004110
0004111
0004113
0004115
0004116
0004117
0004118
0004122
0004127
0004129
0004135
0004137
0004139
0004142
0004144
0004145
0004146
0004147
0004149
0004154
0004155
0004157
0004160
0004162
0004163
0004165
0004168
0004170
0004174
0004177
0004179
0004181
0004183
0004192
0004193
0004194
0004197
0004198
0004202
0004207
0004211
0004214
0004215
0004217
0004221
0004222
0004224
0004225
0004227
0004229
0004231
0004234
0004236
0004248
0004249
0004251
0004252
0004256
0004260
0004264
0004266
0004267
0004269
0004270
0004271
0004275
0004276
0004278
0004281
0004283
0004284
0004291
0004293
0004295
0004298
0004300
0004304
0004306
0004310
0004312
0004313
0004318
0004320
0004325
0004326
0004331
0004333
0004339
0004340
0004342
0004349
0004353
0004356
0004359
0004361
0004362
0004365
0004368
0004375
0004379
0004380
0004381
0004382
0004383
0004384
0004386
0004389
0004390
0004391
0004393
0004394
0004399
0004400
0004402
0004417
0004419
0004421
0004422
0004424
0004426
0004428
0004433
0004435
0004437
0004438
0004442
0004445
0004447
0004448
0004451
0004452
0004453
0004454
0004456
0004457
0004460
0004463
0004466
0004469
0004478
0004482
0004492
0004493
0004494
0004498
0004502
0004505
0004507
0004509
0004513
0004517
0004518
0004520
0004522
0004524
0004530
0004534
0004537
0004540
0004541
0004543
0004548
0004549
0004554
0004557
0004559
0004560
0004562
0004564
0004567
0004568
0004570
0004573
0004574
0004576
0004578
0004579
0004580
0004596
0004597
0004600
0004602
0004603
0004606
0004607
0004609
0004611
0004612
0004615
0004616
0004617
0004618
0004619
0004620
0004621
0004627
0004631
0004634
0004643
0004645
0004646
0004647
0004649
0004650
0004651
0004652
0004653
0004659
0004660
0004663
0004665
0004667
0004669
0004671
0004678
0004680
0004681
0004682
0004683
0004686
0004689
0004690
0004692
0004694
0004697
0004698
0004700
0004705
0004706
0004707
0004708
0004716
0004717
0004718
0004720
0004722
0004735
0004736
0004737
0004738
0004739
0004741
0004742
0004744
0004746
0004747
0004751
0004753
0004756
0004762
0004763
0004765
0004767
0004769
0004770
0004772
0004774
0004777
0004778
0004779
0004784
0004786
0004788
0004791
0004792
0004793
0004800
0004801
0004803
0004805
0004806
0004809
0004813
0004815
0004816
0004820
0004821
0004824
0004826
0004828
0004833
0004835
0004840
0004841
0004846
0004848
0004849
0004851
0004859
0004861
0004867
0004870
0004873
0004875
0004880
0004884
0004885
0004886
0004887
0004889
0004891
0004892
0004896
0004899
0004903
0004904
0004907
0004908
0004910
0004911
0004913
0004914
0004916
0004918
0004919
0004922
0004925
0004926
0004928
0004929
0004930
0004932
0004935
0004937
0004938
0004942
0004944
0004945
0004948
0004949
0004951
0004952
0004953
0004963
0004965
0004967
0004969
0004974
0004978
0004979
0004980
0004982
0004985
0004990
0004996
0004998
0005013
0005017
0005019
0005025
0005026
0005028
0005032
0005034
0005037
0005039
0005041
0005044
0005045
0005050
0005051
0005052
0005053
0005058
0005061
0005065
0005066
0005069
0005071
0005073
0005078
0005080
0005083
0005085
0005086
0005087
0005089
0005092
0005094
0005095
0005097
0005100
0005101
0005105
0005109
0005111
0005112
0005114
0005120
0005128
0005129
0005134
0005136
0005137
0005139
0005140
0005146
0005148
0005150
0005152
0005153
0005156
0005158
0005159
0005160
0005162
0005163
0005168
0005170
0005174
0005175
0005179
0005181
0005185
0005187
0005189
0005190
0005191
0005195
0005198
0005201
0005202
0005203
0005205
0005212
0005213
0005217
0005218
0005222
0005224
0005230
0005232
0005234
0005235
0005236
0005237
0005239
0005243
0005245
0005246
0005248
0005249
0005253
0005255
0005259
0005266
0005270
0005275
0005276
0005277
0005279
0005283
0005284
0005286
0005290
0005291
0005292
0005294
0005297
0005299
0005302
0005303
0005304
0005305
0005306
0005313
0005314
0005317
0005319
0005322
0005325
0005329
0005332
0005340
0005344
0005348
0005352
0005353
0005356
0005357
0005361
0005368
0005373
0005374
0005377
0005380
0005383
0005385
0005387
0005388
0005390
0005391
0005392
0005395
0005400
0005403
0005404
0005408
0005409
0005411
0005420
0005422
0005423
0005426
0005427
0005434
0005436
0005440
0005443
0005448
0005451
0005453
0005456
0005457
0005458
0005461
0005462
0005463
0005465
0005466
0005470
0005471
0005472
0005476
0005479
0005483
0005488
0005492
0005493
0005497
0005501
0005503
0005505
0005508
0005509
0005517
0005519
0005520
0005524
0005525
0005528
0005532
0005534
0005539
0005547
0005548
0005550
0005552
0005561
0005563
0005565
0005566
0005570
0005573
0005575
0005577
0005581
0005582
0005584
0005585
0005587
0005589
0005595
0005599
0005600
0005604
0005610
0005615
0005617
0005620
0005624
0005629
0005630
0005635
0005641
0005643
0005644
0005646
0005648
0005653
0005655
0005659
0005660
0005663
0005664
0005667
0005670
0005671
0005673
0005677
0005681
0005683
0005684
0005685
0005687
0005688
0005690
0005693
0005701
0005705
0005707
0005709
0005711
0005713
0005717
0005718
0005719
0005724
0005725
0005726
0005727
0005728
0005730
0005732
0005734
0005741
0005743
0005745
0005746
0005749
0005751
0005752
0005756
0005764
0005766
0005770
0005773
0005774
0005777
0005781
0005783
0005785
0005787
0005790
0005793
0005795
0005797
0005800
0005802
0005804
0005806
0005807
0005810
0005819
0005820
0005822
0005826
0005828
0005829
0005830
0005832
0005850
0005854
0005856
0005857
0005860
0005862
0005866
0005868
0005873
0005874
0005878
0005889
0005890
0005892
0005894
0005900
0005907
0005913
0005914
0005915
0005919
0005921
0005923
0005933
0005934
0005938
0005970
0005971
0005980
0005985
0005986
0006008
0006036
0006059
0006069
0006070
0006071
0006080
0006087
0006089
0006093
0006094
0006096
0006097
0006100
0006103
0006109
0006111
0006112
0006133
0006135
0006138
0006140
0006150
0006164
0006170
0006189
0006194
0006201
0006204
0006221
0006222
0006223
0006227
0006229
0006239
0006243
0006249
0006266
0006272
0006276
0006280
0006286
0006302
0006314
0006315
0006321
0006322
0006341
0006342
0006344
0006349
0006352
0006357
0006391
0006403
0006413
0006419
0006423
0006427
0006431
0006438
0006439
0006440
0006445
0006451
0006457
0006459
0006464
0006468
0006478
0006486
0006491
0006492
0006496
0006512
0006513
0006518
0006521
0006527
0006536
0006545
0006549
0006573
0006575
0006584
0006595
0006598
0006601
0006604
0006607
0006609
0006617
0006625
0006631
0006644
0006656
0006661
0006664
0006673
0006674
0006676
0006677
0006678
0006679
0006690
0006691
0006704
0006706
0006711
0006715
0006716
0006719
0006721
0006734
0006738
0006740
0006748
0006752
0006757
0006789
0006794
0006796
0006807
0006814
0006829
0006836
0006839
0006841
0006844
0006846
0006854
0006855
0006871
0006880
0006882
0006885
0006887
0006888
0006893
0006898
0006904
0006906
0006913
0006922
0006923
0006924
0006925
0006926
0006936
0006942
0006948
0006952
0006955
0006960
0006968
0006971
0006973
0006976
0006979
0006985
0006988
0006993
0007009
0007010
0007014
0007015
0007027
0007037
0007046
0007048
0007055
0007065
0007080
0007081
0007087
0007088
0007089
0007108
0007109
0007119
0007123
0007131
0007132
0007144
0007152
0007154
0007157
0007159
0007160
0007166
0007172
0007173
0007185
0007188
0007191
0007198
0007201
0007205
0007210
0007213
0007220
0007912
0007923
0007927
0007953
0007965
0007968
0007986
0008006
0008022
0008025
0008027
0008031
0008075
0008077
0008078
0008088
0008091
0008113
0008123
0008124
0008131
0008144
0008178
0008265
0008272
0008297
0008327
0008329
0008330
0008355
0008362
0008385
0008393
0008405
0008423
0008429
0008440
0008457
0008481
0008495
0008521
0008523
0008535
0008542
0008543
0008588
0008612
0008639
0008642
0008659
0008672
0008677
0008685
0008714
0008717
0008737
0008787
0008790
0008798
0008799
0008801
0008806
0008808
0008811
0008812
0008814
0008856
0008894
0008899
0008905
0008953
0008955
0008957
0008965
0009010
0009021
0009025
0009032
0009035
0009048
0009054
0009061
0009062
0009068
0009074
0009076
0009091
0009092
0009093
0009094
0009095
0009107
0009123
0009124
0009125
0009126
0009132
0009149
0009154
0009159
0009167
0009168
0009177
0009187
0009189
0009194
0009196
0009199
0009207
0009210
0009219
0009230
0009248
0009251
0009264
0009283
0009292
0009297
0009298
0009299
0009300
0009301
0009302
0009304
0009305
0009306
0009307
0009308
0009309
0009310
0009311
0009312
0009313
0009314
0009315
0009316
0009317
0009318
0009319
0009320
0009321
0009322
0009323
0009324
0009325
0009326
0009328
0009329
0009330
0009331
0009332
0009333
0009334
0009335
0009336
0009337
0009338
0009339
0009340
0009341
0009342
0009343
0009344
0009345
0009346
0009348
0009349
0009350
0009351
0009352
0009353
0009354
0009355
0009357
0009358
0009359
0009360
0009361
0009362
0009363
0009364
0009365
0009366
0009367
0009368
0009369
0009370
0009371
0009372
0009374
0009375
0009376
0009377
0009378
0009379
0009380
0009381
0009382
0009383
0009384
0009385
0009386
0009387
0009388
0009389
0009391
0009393
0009394
0009395
0009396
0009397
0009399
0009400
0009401
0009402
0009403
0009404
0009405
0009406
0009407
0009408
0009409
0009410
0009411
0009412
0009413
0009414
0009415
0009416
0009417
0009418
0009419
0009421
0009422
0009423
0009424
0009425
0009426
0009427
0009428
0009429
0009430
0009431
0009432
0009433
0009434
0009435
0009436
0009437
0009438
0009439
0009440
0009441
0009442
0009443
0009444
0009445
0009446
0009448
0009449
0009450
0009451
0009457
0009513
0009516
0009552
0009568
0009585
0009596
0009610
0009638
0009643
0009662
0009677
0009689
0009690
0009706
0009708
0009713
0009767
0009787
0009828
0009848
0009884
0009892
0009910
0009935
0009944
0009963
0010013
0010029
0010036
0010065
0010108
0010120
0010190
0010197
0010223
0010246
0010251
0010252
0010284
0010292
0010313
0010315
0010361
0010381
0010433
0010440
0010462
0010469
0010473
0010474
0010475
0010480
0010497
0010502
0010515
0010521
0010523
0010530
0010537
0010567
0010572
0010574
0010598
0010607
0010612
0010620
0010626
0010638
0010640
0010644
0010647
0010659
0010667
0010672
0010676
0010690
0010701
0010708
0010729
0010732
0010734
0010744
0010767
0010794
0010818
0010852
0010859
0010865
0010891
0010921
0010923
0010953
0010966
0010967
0010971
0010973
0010979
0010981
0010983
0010985
0010986
0010987
0010988
0010996
0011001
0011005
0011010
0011014
0011015
0011025
0011026
0011048
0011059
0011068
0011089
0011094
0011103
0011114
0011124
0011125
0011133
0011138
0011139
0011153
0011159
0011164
0011166
0011168
0011169
0011171
0011172
0011175
0011176
0011177
0011178
0011179
0011180
0011181
0011182
0011183
0011184
0011185
0011186
0011187
0011188
0011189
0011190
0011191
0011192
0011197
0011200
0011203
0011204
0011207
0011210
0011211
0011212
0011216
0011218
0011219
0011221
0011222
0011223
0011224
0011225
0011228
0011229
0011234
0011235
0011237
0011243
0011244
0011245
0011261
0011263
0011267
0011268
0011269
0011270
0011277
0011284
0011285
0011286
0011287
0011289
0011290
0011294
0011297
0011299
0011300
0011301
0011302
0011304
0011305
0011310
0011311
0011312
0011313
0011314
0011315
0011317
0011318
0011326
0011327
0011331
0011332
0011333
0011334
0011335
0011336
0011337
0011338
0011339
0011340
0011341
0011342
0011343
0011344
0011346
0011348
0011356
0011358
0011366
0011367
0011369
0011371
0011372
0011373
0011377
0011379
0011386
0011390
0011391
0011392
0011398
0011400
0011407
0011410
0011417
0011419
0011420
0011425
0011429
0011431
0011433
0011434
0011435
0011437
0011440
0011441
0011442
0011444
0011450
0011452
0011453
0011455
0011460
0011461
0011465
0011466
0011475
0011477
0011478
0011487
0011493
0011494
0011517
0011524
0011527
0011533
0011534
0011551
0011555
0011558
0011561
0011567
0011568
0011571
0011576
0011580
0011584
0011592
0011595
0011597
0011598
0011599
0011610
0011617
0011624
0011632
0011635
0011640
0011641
0011652
0011653
0011662
0011664
0011670
0011671
0011681
0011688
0011704
0011712
0011730
0011731
0011732
0011738
0011741
0011749
0011759
0011763
0011767
0011770
0011772
0011780
0011783
0011788
0011791
0011820
0011823
0011826
0011828
0011833
0011834
0011835
0011843
0011855
0011858
0011859
0011861
0011863
0011864
0011865
0011866
0011869
0011876
0011896
0011899
0011908
0011909
0011926
0011927
0011928
0011929
0011930
0011949
0011963
0011974
0011989
0011995
0011996
0012007
0012009
0012013
0012017
0012019
0012027
0012033
0012035
0012049
0012057
0012077
0012081
0012082
0012086
0012092
0012098
0012099
0012116
0012117
0012129
0012142
0012143
0012144
0012149
0012151
0012158
0012159
0012184
0012186
0012195
0012199
0012206
0012211
0012217
0012221
0012226
0012227
0012230
0012238
0012252
0012257
0012258
0012259
0012263
0012267
0012270
0012286
0012313
0012326
0012328
0012333
0012334
0012336
0012338
0012341
0012350
0012351
0012352
0012353
0012356
0012357
0012358
0012362
0012366
0012367
0012368
0012369
0012370
0012375
0012382
0012396
0012399
0012405
0012406
0012408
0012409
0012417
0012421
0012430
0012436
0012454
0012455
0012477
0012481
0012494
0012496
0012497
0012499
0012500
0012535
0012538
0012542
0012543
0012544
0012574
0012576
0012577
0012579
0012595
0012621
0012638
0012749
0012850
0012890
0013018
0013102
0013150
0013151
0013161
0013162
0013163
0013167
0013168
0013199
0013201
0013210
0013213
0013224
0013252
0013256
0013261
0013273
0013276
0013277
0013278
0013307
0013309
0013316
0013352
0013355
0013357
0013359
0013361
0013364
0013365
0013366
0013367
0013390
0013397
0013405
0013406
0013410
0013434
0013481
0013482
0013487
0013488
0013489
0013490
0013491
0013492
0013493
0013494
0013495
0013496
0013497
0013498
0013499
0013500
0013501
0013502
0013503
0013504
0013510
0013511
0013512
0013513
0013515
0013516
0013518
0013519
0013520
0013521
0013522
0013523
0013524
0013525
0013526
0013527
0013528
0013529
0013530
0013531
0013532
0013533
0013534
0013535
0013536
0013538
0013539
0013540
0013541
0013542
0013544
0013546
0013547
0013548
0013549
0013550
0013551
0013552
0013553
0013747
0013832
0013837
0013839
0013863
0013872
0013873
0013877
0013883
0013885
0013886
0013887
0013901
0013902
0013903
0013911
0013913
0013915
0013917
0013987
0013990
0013994
0014001
0014007
0014009
0014010
0014044
0014063
0014088
0014089
0014090
0014262
0014274
0014276
0014281
0014317
0014389
0014426
0014477
0014496
0014506
0014539
0014540
0014541
0014542
0014544
0014583
0014587
0014633
0014635
0014649
0014655
0014662
0014673
0014679
0014682
0014690
0014695
0014699
0014705
0014768
0014770
0014777
0014791
0014803
0014810
0014813
0014818
0014823
0014827
0014829
0014837
0014845
0014846
0014892
0014921
0014937
0014939
0014943
0015032
0015058
0015076
0015123
0015161
0015163
0015164
0015191
0015214
0015216
0015225
0015249
0015256
0015257
0015419
0015444
0015448
0015479
0015503
0015505
0015564
0015567
0015571
0015580
0015592
0015623
0015769
0015845
0015849
0015866
0015868
0015870
0015881
0015925
0015947
0015958
0015974
0016012
0016087
0016150
0016177
0016243
0016370
0016401
0016630
0016666
0016682
0016687
0016700
0016709
0016736
0016783
0016791
0016905
0016906
0016976
0017044
0017103
0017110
0017114
0017115
0017120
0017181
0017210
0017250
0017251
0017288
0017294
0017299
0017312
0017361
0017362
0017373
0017410
0017441
0017467
0017470
0017472
0017520
0017522
0017551
0017574
0017580
0017602
0017626
0017634
0017639
0017640
0017646
0017717
0017729
0017732
0017740
0017756
0017794
0017869
0017873
0017887
0017909
0017911
0017914
0017918
0017951
0018188
0018284
0018342
0018355
0018646
0018677
0018681
0018709
0018710
0018713
0018829
0018849
0018870
0018902
0018909
0018933
0018946
0018977
0018996
0019009
0019027
0019030
0019100
0019186
0019249
0019252
0019254
0019257
0019258
0019265
0019280
0019301
0019386
0019451
0019453
0019480
0019523
0019524
0019663
0019673
0019743
0019772
0019853
0019896
0019900
0019901
0019902
0019906
0019958
0020027
0020077
0020105
0020118
0020176
0020178
0020222
0020291
0020317
0020340
0020367
0020368
0020380
0020396
0020402
0020444
0020455
0020460
0020540
0020599
0020600
0020603
0020639
0020717
0020766
0020791
0020792
0020795
0020803
0020804
0020805
0020816
0020890
0020973
0021001
0021080
0021084
0021284
0021354
0021511
0021514
0021539
0021552
0021575
0021590
0021610
0021676
0021753
0021787
0021802
0021817
0021830
0021857
0021859
0021862
0021913
0022135
0022140
0022222
0022344
0022379
0022410
0022451
0022512
0022561
0022631
0022695
0022806
0022807
0022860
0022937
0022945
0023027
0023107
0023108
0023109
0023110
0023326
0023484
0023487
0023511
0023512
0023520
0023543
0023546
0023574
0023575
0023576
0023577
0023578
0023579
0023580
0023581
0023582
0023583
0023584
0023585
0023586
0023587
0023588
0023589
0023590
0023600
0023674
0023728
0023733
0023741
0023742
0023753
0023789
0023807
0023824
0023828
0023830
0023869
0023874
0023906
0023927
0023947
0023949
0023954
0024016
0024042
0024049
0024052
0024080
0024081
0024097
0024099
0024100
0024151
0024237
0024244
0024310
0024337
0024344
0024348
0024369
0024422
0024429
0024435
0024585
0024601
0024747
0024832
0024833
0024842
0024876
0024883
0024888
0024897
0024943
0024945
0024955
0024958
0024959
0024960
0024961
0024962
0025008
0025009
0025029
0025030
0025037
0025038
0025044
0025052
0025069
0025080
0025081
0025082
0025083
0025084
0025086
0025087
0025088
0025089
0025090
0025091
0025092
0025093
0025094
0025095
0025096
0025097
0025098
0025099
0025100
0025106
0025107
0025128
0025134
0025145
0025170
0025172
0025224
0025227
0025236
0025237
0025245
0025250
0025288
0025295
0025297
0025300
0025329
0025379
0025399
0025408
0025427
0025459
0025466
0025469
0025470
0025472
0025494
0025502
0025505
0025526
0025528
0025537
0025597
0025636
0025640
0025692
0025695
0025696
0025719
0025745
0025799
0025834
0025865
0025868
0025875
0025906
0025909
0025921
0026001
0026010
0026064
0026112
0026115
0026164
0026214
0026265
0026268
0026284
0026352
0026406
0026516
0026572
0026613
0026688
0026714
0026745
0026780
0026831
0026832
0026833
0026846
0026849
0026855
0026857
0026875
0026884
0026906
0026911
0026925
0026951
0026991
0026993
0027009
0027016
0027018
0027057
0027103
0027105
0027106
0027107
0027112
0027113
0027119
0027120
0027121
0027130
0027155
0027162
0027172
0027173
0027174
0027178
0027179
0027180
0027181
0027182
0027183
0027188
0027194
0027214
0027253
0027256
0027263
0027279
0027280
0027297
0027346
0027348
0027349
0027375
0027381
0027383
0027404
0027405
0027414
0027415
0027416
0027419
0027471
0027512
0027518
0027608
0027624
0027627
0027677
0027680
0027691
0027694
0027700
0027703
0027723
0027761
0027762
0027812
0027819
0027820
0027821
0027822
0027823
0027824
0027825
0027847
0027891
0027936
0027943
0027945
0027957
0027961
0027963
0027965
0027966
0027972
0027974
0027988
0027996
0027997
0028015
0028024
0028034
0028037
0028044
0028048
0028057
0028058
0028071
0028082
0028101
0028102
0028104
0028119
0028155
0028159
0028160
0028166
0028171
0028172
0028175
0028178
0028225
0028250
0028251
0028324
0028326
0028327
0028330
0028331
0028332
0028334
0028335
0028337
0028339
0028341
0028343
0028344
0028346
0028347
0028350
0028351
0028352
0028355
0028356
0028357
0028358
0028420
0028421
0028422
0028423
0028425
0028433
0028434
0028444
0028471
0028472
0028473
0028474
0028501
0028503
0028504
0028505
0028506
0028507
0028508
0028509
0028511
0028512
0028519
0028520
0028522
0028523
0028526
0028527
0028530
0028541
0028543
0028554
0028555
0028556
0028557
0028558
0028559
0028560
0028561
0028562
0028563
0028564
0028601
0028602
0028604
0028605
0028606
0028607
0028608
0028609
0028611
0028612
0028614
0028615
0028616
0028617
0028618
0028619
0028620
0028621
0028622
0028623
0028625
0028626
0028627
0028629
0028630
0028631
0028632
0028633
0028634
0028635
0028636
0028637
0028638
0028640
0028641
0028642
0028643
0028644
0028645
0028646
0028647
0028648
0028649
0028651
0028652
0028654
0028655
0028656
0028657
0028658
0028659
0028660
0028661
0028662
0028664
0028665
0028666
0028667
0028668
0028669
0028670
0028671
0028672
0028674
0028677
0028678
0028679
0028681
0028682
0028683
0028684
0028685
0028686
0028687
0028688
0028689
0028690
0028691
0028692
0028693
0028694
0028695
0028696
0028697
0028698
0028699
0028700
0028701
0028702
0028703
0028705
0028706
0028707
0028708
0028709
0028711
0028712
0028713
0028714
0028715
0028716
0028717
0028718
0028719
0028720
0028721
0028722
0028723
0028724
0028725
0028726
0028727
0028728
0028729
0028731
0028732
0028735
0028736
0028737
0028738
0028740
0028741
0028743
0028744
0028745
0028746
0028747
0028748
0028750
0028751
0028752
0028753
0028754
0028755
0028756
0028757
0028759
0028760
0028761
0028762
0028763
0028764
0028765
0028766
0028767
0028768
0028769
0028770
0028771
0028772
0028773
0028774
0028775
0028776
0028777
0028778
0028779
0028780
0028781
0028782
0028783
0028784
0028785
0028786
0028787
0028788
0028790
0028791
0028792
0028794
0028796
0028797
0028798
0028800
0028801
0028802
0028803
0028804
0028805
0028806
0028807
0028808
0028810
0028811
0028812
0028813
0028814
0028815
0028816
0028818
0028819
0028820
0028821
0028822
0028823
0028824
0028827
0028828
0028829
0028830
0028831
0028832
0028833
0028834
0028835
0028836
0028837
0028838
0028839
0028840
0028841
0028842
0028843
0028844
0028845
0028846
0028847
0028849
0028850
0028851
0028852
0028853
0028854
0028855
0028856
0028857
0028858
0028859
0028860
0028861
0028862
0028863
0028864
0028865
0028866
0028867
0028868
0028869
0028870
0028871
0028872
0028873
0028874
0028875
0028876
0028877
0028878
0028879
0028880
0028881
0028882
0028883
0028884
0028885
0028886
0028887
0028888
0028890
0028891
0028892
0028893
0028894
0028895
0028896
0028898
0028900
0028901
0028902
0028903
0028904
0028905
0028906
0028907
0028908
0028909
0028910
0028911
0028912
0028913
0028914
0028915
0028916
0028917
0028918
0028919
0028920
0028921
0028922
0028923
0028924
0028926
0028927
0028929
0028930
0028931
0028932
0028933
0028934
0028935
0028936
0028937
0028938
0028939
0028940
0028941
0028942
0028944
0028945
0028946
0028949
0028950
0028951
0028952
0028953
0028955
0028956
0028957
0028958
0028959
0028960
0028961
0028962
0028963
0028966
0028967
0028968
0028970
0028971
0028972
0028973
0028975
0028976
0028977
0028978
0028979
0028981
0028982
0028983
0028984
0028985
0028986
0028987
0028988
0028989
0028990
0028991
0028992
0028993
0028994
0028995
0028996
0028997
0028998
0028999
0029000
0029001
0029002
0029003
0029004
0029005
0029006
0029007
0029008
0029009
0029010
0029011
0029012
0029013
0029014
0029015
0029016
0029017
0029018
0029019
0029020
0029021
0029022
0029023
0029024
0029025
0029026
0029027
0029028
0029029
0029030
0029031
0029032
0029033
0029034
0029035
0029036
0029037
0029038
0029039
0029040
0029041
0029042
0029044
0029045
0029046
0029047
0029048
0029049
0029050
0029051
0029052
0029053
0029054
0029055
0029056
0029057
0029058
0029059
0029060
0029061
0029062
0029063
0029064
0029065
0029066
0029067
0029068
0029069
0029070
0029071
0029072
0029073
0029074
0029075
0029076
0029077
0029078
0029079
0029081
0029082
0029083
0029084
0029085
0029086
0029087
0029088
0029089
0029090
0029091
0029092
0029093
0029094
0029095
0029096
0029097
0029098
0029099
0029100
0029101
0029102
0029103
0029104
0029105
0029106
0029107
0029109
0029110
0029111
0029112
0029113
0029114
0029115
0029116
0029117
0029118
0029119
0029120
0029121
0029122
0029123
0029124
0029125
0029126
0029127
0029129
0029130
0029131
0029132
0029133
0029134
0029136
0029137
0029138
0029139
0029140
0029141
0029142
0029143
0029144
0029145
0029146
0029147
0029148
0029149
0029150
0029151
0029152
0029153
0029155
0029157
0029158
0029159
0029161
0029162
0029163
0029164
0029165
0029166
0029168
0029169
0029170
0029171
0029172
0029173
0029174
0029176
0029179
0029180
0029181
0029183
0029184
0029185
0029186
0029187
0029188
0029189
0029191
0029192
0029193
0029194
0029195
0029196
0029198
0029199
0029200
0029201
0029202
0029204
0029206
0029207
0029208
0029209
0029211
0029213
0029214
0029215
0029216
0029217
0029218
0029219
0029220
0029221
0029222
0029223
0029224
0029225
0029226
0029227
0029228
0029229
0029230
0029231
0029232
0029233
0029234
0029235
0029236
0029237
0029238
0029239
0029240
0029241
0029242
0029243
0029244
0029245
0029246
0029247
0029248
0029249
0029250
0029251
0029252
0029253
0029254
0029255
0029256
0029257
0029258
0029259
0029261
0029262
0029263
0029264
0029265
0029266
0029267
0029268
0029269
0029270
0029271
0029272
0029273
0029274
0029275
0029276
0029277
0029278
0029279
0029280
0029281
0029282
0029283
0029284
0029285
0029286
0029287
0029288
0029289
0029290
0029291
0029292
0029293
0029294
0029295
0029296
0029297
0029298
0029299
0029301
0029302
0029347
0029378
0029462
0029467
0029502
0029678
0029717
0029718
0029720
0029766
0029769
0030001
0030002
0030003
0030004
0030005
0030006
0030007
0030011
0030014
0030015
0030016
0030017
0030018
0030019
0030020
0030021
0030022
0030023
0030024
0030025
0030026
0030027
0030028
0030029
0030030
0030031
0030032
0030033
0030034
0030035
0030036
0030037
0030038
0030039
0030040
0030041
0030042
0030043
0030044
0030045
0030046
0030047
0030048
0030049
0030050
0030051
0030052
0030053
0030054
0030055
0030056
0030057
0030058
0030059
0030060
0030061
0030062
0030063
0030064
0030065
0030066
0030067
0030068
0030069
0030070
0030071
0030072
0030073
0030074
0030075
0030076
0030077
0030078
0030079
0030080
0030081
0030082
0030083
0030084
0030085
0030086
0030087
0030088
0030089
0030090
0030091
0030092
0030093
0030094
0030095
0030096
0030097
0030098
0030099
0030100
0030101
0030102
0030103
0030104
0030105
0030106
0030107
0030108
0030109
0030110
0030111
0030112
0030113
0030114
0030115
0030116
0030117
0030118
0030119
0030120
0030121
0030122
0030123
0030124
0030125
0030126
0030127
0030128
0030129
0030130
0030131
0030132
0030133
0030134
0030135
0030136
0030137
0030138
0030139
0030140
0030141
0030142
0030143
0030144
0030145
0030146
0030147
0030148
0030149
0030150
0030151
0030152
0030153
0030154
0030155
0030156
0030157
0030158
0030159
0030160
0030161
0030162
0030163
0030164
0030165
0030166
0030167
0030168
0030169
0030170
0030171
0030172
0030173
0030174
0030175
0030176
0030177
0030178
0030179
0030180
0030181
0030182
0030183
0030184
0030185
0030186
0030187
0030188
0030189
0030190
0030191
0030192
0030193
0030194
0030195
0030196
0030197
0030198
0030199
0030200
0030201
0030202
0030203
0030204
0030205
0030206
0030207
0030208
0030209
0030210
0030211
0030212
0030213
0030214
0030215
0030216
0030217
0030218
0030219
0030220
0030221
0030222
0030223
0030224
0030225
0030226
0030227
0030228
0030229
0030230
0030231
0030232
0030233
0030234
0030235
0030236
0030237
0030238
0030240
0030241
0030242
0030243
0030244
0030245
0030246
0030247
0030248
0030249
0030250
0030251
0030252
0030253
0030254
0030255
0030256
0030257
0030258
0030259
0030260
0030261
0030262
0030263
0030264
0030265
0030266
0030267
0030268
0030269
0030270
0030271
0030272
0030273
0030274
0030275
0030276
0030277
0030278
0030279
0030280
0030281
0030282
0030283
0030284
0030286
0030287
0030288
0030289
0030290
0030291
0030292
0030293
0030294
0030295
0030296
0030297
0030298
0030299
0030300
0030301
0030302
0030303
0030304
0030305
0030306
0030307
0030308
0030309
0030310
0030311
0030312
0030313
0030314
0030315
0030316
0030317
0030318
0030319
0030320
0030321
0030322
0030323
0030324
0030325
0030326
0030327
0030328
0030329
0030330
0030331
0030332
0030333
0030334
0030335
0030336
0030337
0030338
0030339
0030340
0030341
0030342
0030343
0030344
0030345
0030346
0030347
0030348
0030349
0030350
0030351
0030352
0030353
0030354
0030355
0030356
0030357
0030358
0030359
0030360
0030361
0030362
0030363
0030364
0030365
0030366
0030367
0030368
0030369
0030370
0030371
0030372
0030373
0030374
0030375
0030376
0030377
0030378
0030379
0030380
0030381
0030382
0030383
0030384
0030385
0030386
0030387
0030388
0030389
0030390
0030391
0030392
0030393
0030395
0030396
0030397
0030398
0030399
0030400
0030401
0030402
0030403
0030404
0030405
0030406
0030407
0030408
0030410
0030411
0030412
0030413
0030415
0030416
0030417
0030418
0030419
0030420
0030421
0030422
0030423
0030424
0030425
0030426
0030427
0030428
0030429
0030430
0030431
0030432
0030433
0030434
0030435
0030436
0030437
0030438
0030439
0030440
0030441
0030442
0030443
0030444
0030446
0030447
0030448
0030449
0030650
0030651
0030652
0030654
0030655
0030657
0030658
0030659
0030660
0030661
0030662
0030663
0030664
0030665
0030666
0030667
0030668
0030669
0030670
0030672
0030673
0030674
0030675
0030676
0030677
0030678
0030679
0030680
0030681
0030682
0030683
0030684
0030686
0030687
0030688
0030689
0030690
0030691
0030692
0030693
0030694
0030695
0030696
0030697
0030698
0030699
0030700
0030701
0030702
0030724
0030740
0030741
0030742
0030743
0030744
0030745
0030746
0030747
0030748
0030749
0030750
0030751
0030752
0030753
0030754
0030755
0030756
0030757
0030758
0030759
0030760
0030856
0030884
0030962
0030963
0030964
0030965
0030966
0030967
0030968
0030969
0030970
0030971
0030972
0030973
0030974
0030975
0030976
0030977
0030978
0030979
0030980
0030981
0030982
0030983
0030984
0030985
0030986
0030987
0030988
0030989
0030990
0030991
0030992
0030993
0030994
0030995
0030996
0030997
0030998
0030999
0031000
0031058
0031105
0031106
0031107
0031108
0031109
0031110
0031111
0031112
0031113
0031114
0031115
0031116
0031117
0031118
0031119
0031120
0031121
0031122
0031123
0031124
0031125
0031126
0031127
0031128
0031129
0031130
0031131
0031132
0031133
0031134
0031135
0031136
0031137
0031139
0031140
0031142
0031143
0031144
0031147
0031148
0031150
0031151
0031152
0031153
0031157
0031158
0031159
0031161
0031162
0031163
0031164
0031165
0031167
0031168
0031169
0031173
0031174
0031175
0031177
0031178
0031198
0031207
0031221
0031222
0031223
0031224
0031225
0031226
0031227
0031228
0031229
0031230
0031231
0031232
0031233
0031234
0031235
0031236
0031237
0031238
0031239
0031240
0031241
0031242
0031243
0031244
0031245
0031246
0031247
0031248
0031249
0031250
0031251
0031252
0031253
0031254
0031255
0031256
0031257
0031258
0031259
0031260
0031261
0031262
0031263
0031264
0031265
0031266
0031267
0031268
0031269
0031270
0031271
0031272
0031273
0031274
0031275
0031276
0031277
0031278
0031279
0031280
0031281
0031282
0031283
0031284
0031285
0031286
0031287
0031288
0031289
0031290
0031291
0031292
0031293
0031294
0031295
0031296
0031297
0031298
0031299
0031300
0031301
0031302
0031303
0031304
0031305
0031306
0031307
0031308
0031309
0031310
0031311
0031312
0031313
0031314
0031315
0031316
0031317
0031318
0031319
0031320
0031321
0031322
0031323
0031324
0031325
0031326
0031327
0031329
0031330
0031331
0031332
0031333
0031334
0031335
0031336
0031337
0031338
0031339
0031340
0031341
0031342
0031343
0031344
0031345
0031346
0031347
0031348
0031349
0031350
0031351
0031352
0031353
0031354
0031355
0031356
0031357
0031358
0031359
0031360
0031361
0031362
0031363
0031364
0031365
0031366
0031367
0031368
0031369
0031370
0031371
0031372
0031373
0031374
0031375
0031376
0031377
0031378
0031379
0031380
0031381
0031382
0031383
0031384
0031385
0031386
0031387
0031388
0031389
0031390
0031391
0031392
0031393
0031394
0031395
0031434
0031462
0031470
0031471
0031472
0031473
0031474
0031475
0031476
0031477
0031478
0031479
0031480
0031481
0031482
0031483
0031485
0031486
0031487
0031488
0031489
0031490
0031491
0031492
0031493
0031494
0031496
0031497
0031498
0031499
0031509
0031512
0031517
0031518
0031521
0031550
0031591
0031592
0031611
0031663
0031680
0031690
0031732
0031751
0031767
0031770
0031815
0031843
0031850
0031855
0031896
0031905
0031906
0031907
0031908
0031909
0031910
0031911
0031912
0031913
0031914
0031915
0031916
0031917
0031918
0031919
0031920
0031921
0031922
0031923
0031924
0031925
0031926
0031927
0031928
0031929
0031930
0031931
0031932
0031933
0031934
0031935
0031936
0031937
0031938
0031939
0031940
0031941
0031942
0031943
0031944
0031945
0031946
0031947
0031948
0031949
0031950
0031951
0031952
0031953
0031954
0031955
0031956
0031957
0031958
0031959
0031960
0031961
0031962
0031963
0031964
0031965
0031966
0031967
0031968
0031969
0031970
0031971
0031972
0031973
0031974
0031975
0031976
0031977
0031978
0031979
0031980
0031981
0031982
0031983
0031984
0031985
0031986
0031987
0031989
0031990
0031991
0031992
0031993
0031994
0031996
0031997
0031998
0031999
0032000
0032001
0032002
0032003
0032004
0032005
0032006
0032007
0032008
0032009
0032010
0032011
0032012
0032013
0032014
0032015
0032016
0032017
0032018
0032020
0032021
0032022
0032023
0032024
0032025
0032026
0032027
0032028
0032029
0032030
0032031
0032032
0032033
0032034
0032035
0032036
0032037
0032038
0032039
0032040
0032041
0032042
0032043
0032044
0032045
0032046
0032047
0032048
0032049
0032050
0032051
0032052
0032053
0032054
0032055
0032056
0032058
0032059
0032060
0032061
0032062
0032063
0032064
0032065
0032066
0032067
0032068
0032069
0032070
0032071
0032072
0032073
0032074
0032076
0032077
0032078
0032079
0032080
0032081
0032082
0032083
0032084
0032085
0032089
0032098
0032099
0032113
0032149
0032152
0032153
0032154
0032155
0032156
0032157
0032158
0032159
0032160
0032161
0032162
0032163
0032164
0032165
0032166
0032167
0032168
0032169
0032170
0032171
0032172
0032173
0032174
0032175
0032176
0032177
0032178
0032179
0032180
0032181
0032182
0032183
0032184
0032185
0032186
0032187
0032188
0032189
0032190
0032191
0032192
0032193
0032194
0032195
0032196
0032197
0032199
0032200
0032201
0032202
0032203
0032204
0032205
0032206
0032207
0032208
0032209
0032210
0032211
0032212
0032213
0032214
0032215
0032216
0032217
0032218
0032219
0032220
0032221
0032222
0032223
0032224
0032225
0032226
0032227
0032228
0032229
0032230
0032231
0032232
0032233
0032234
0032235
0032236
0032237
0032238
0032239
0032240
0032241
0032243
0032244
0032245
0032246
0032248
0032249
0032250
0032251
0032253
0032254
0032255
0032256
0032257
0032258
0032259
0032262
0032263
0032264
0032265
0032266
0032267
0032268
0032269
0032270
0032271
0032272
0032273
0032274
0032275
0032276
0032277
0032278
0032279
0032280
0032281
0032284
0032285
0032286
0032287
0032288
0032289
0032290
0032291
0032292
0032293
0032294
0032295
0032296
0032297
0032298
0032299
0032300
0032301
0032302
0032303
0032304
0032306
0032307
0032308
0032309
0032310
0032311
0032312
0032313
0032314
0032315
0032316
0032317
0032318
0032319
0032320
0032321
0032322
0032323
0032324
0032325
0032326
0032327
0032328
0032329
0032330
0032331
0032332
0032333
0032334
0032335
0032336
0032337
0032338
0032339
0032340
0032341
0032342
0032343
0032344
0032345
0032346
0032347
0032348
0032349
0032350
0032351
0032352
0032353
0032354
0032355
0032356
0032357
0032358
0032359
0032360
0032361
0032362
0032363
0032364
0032365
0032366
0032367
0032368
0032369
0032370
0032371
0032372
0032373
0032374
0032375
0032376
0032377
0032378
0032379
0032380
0032381
0032382
0032383
0032384
0032385
0032386
0032387
0032388
0032389
0032390
0032391
0032392
0032393
0032394
0032395
0032396
0032397
0032398
0032399
0032400
0032401
0032402
0032403
0032404
0032405
0032406
0032407
0032408
0032409
0032410
0032411
0032412
0032413
0032414
0032415
0032416
0032417
0032418
0032419
0032420
0032421
0032422
0032423
0032424
0032425
0032426
0032427
0032428
0032429
0032430
0032431
0032432
0032433
0032434
0032435
0032436
0032437
0032438
0032439
0032440
0032441
0032442
0032443
0032444
0032445
0032446
0032447
0032448
0032449
0032450
0032451
0032452
0032453
0032454
0032455
0032456
0032457
0032458
0032459
0032460
0032461
0032462
0032463
0032464
0032465
0032466
0032467
0032468
0032469
0032470
0032471
0032472
0032473
0032474
0032475
0032476
0032477
0032478
0032479
0032480
0032481
0032482
0032483
0032484
0032485
0032486
0032487
0032488
0032489
0032490
0032491
0032492
0032493
0032494
0032495
0032496
0032497
0032498
0032499
0032500
0032501
0032502
0032503
0032504
0032505
0032506
0032507
0032508
0032509
0032510
0032511
0032512
0032520
0032521
0032522
0032523
0032524
0032525
0032526
0032527
0032528
0032529
0032530
0032531
0032532
0032533
0032534
0032535
0032536
0032537
0032538
0032539
0032540
0032541
0032542
0032543
0032544
0032545
0032546
0032547
0032548
0032549
0032550
0032551
0032552
0032553
0032554
0032555
0032556
0032557
0032558
0032559
0032560
0032561
0032562
0032563
0032564
0032565
0032566
0032567
0032568
0032569
0032570
0032571
0032572
0032573
0032574
0032575
0032576
0032577
0032578
0032579
0032580
0032581
0032582
0032583
0032584
0032585
0032586
0032587
0032588
0032589
0032590
0032591
0032592
0032593
0032594
0032595
0032596
0032597
0032598
0032599
0032600
0032601
0032602
0032603
0032604
0032605
0032606
0032607
0032608
0032609
0032610
0032611
0032612
0032613
0032614
0032615
0032616
0032617
0032618
0032619
0032620
0032621
0032622
0032623
0032624
0032625
0032626
0032627
0032628
0032629
0032630
0032631
0032632
0032633
0032634
0032635
0032636
0032637
0032638
0032639
0032640
0032641
0032642
0032643
0032644
0032645
0032646
0032647
0032648
0032649
0032650
0032651
0032652
0032653
0032654
0032655
0032656
0032657
0032658
0032659
0032660
0032661
0032662
0032663
0032664
0032665
0032666
0032667
0032668
0032669
0032670
0032671
0032672
0032673
0032674
0032675
0032676
0032677
0032678
0032679
0032680
0032681
0032682
0032683
0032684
0032685
0032686
0032687
0032688
0032689
0032690
0032691
0032692
0032693
0032694
0032695
0032696
0032697
0032698
0032699
0032700
0032701
0032702
0032703
0032704
0032705
0032706
0032707
0032708
0032709
0032710
0032711
0032712
0032713
0032714
0032715
0032716
0032717
0032718
0032719
0032720
0032721
0032722
0032723
0032724
0032725
0032726
0032727
0032728
0032729
0032730
0032731
0032732
0032733
0032734
0032735
0032736
0032737
0032738
0032739
0032740
0032741
0032742
0032743
0032744
0032745
0032746
0032747
0032748
0032749
0032750
0032751
0032752
0032753
0032754
0032755
0032756
0032757
0032758
0032759
0032760
0032761
0032762
0032763
0032764
0032765
0032766
0032767
0032768
0032769
0032770
0032771
0032772
0032773
0032774
0032775
0032776
0032777
0032778
0032779
0032780
0032781
0032782
0032783
0032784
0032785
0032786
0032787
0032788
0032789
0032790
0032791
0032792
0032793
0032794
0032795
0032796
0032797
0032798
0032799
0032800
0032801
0032802
0032803
0032804
0032805
0032806
0032807
0032808
0032809
0032810
0032811
0032812
0032813
0032814
0032815
0032816
0032817
0032818
0032819
0032820
0032821
0032822
0032823
0032824
0032825
0032826
0032827
0032828
0032829
0032830
0032831
0032832
0032833
0032834
0032835
0032836
0032837
0032838
0032839
0032840
0032841
0032842
0032843
0032844
0032845
0032846
0032847
0032848
0032849
0032850
0032851
0032852
0032853
0032854
0032855
0032856
0032857
0032858
0032859
0032860
0032861
0032862
0032863
0032864
0032865
0032866
0032867
0032868
0032869
0032870
0032871
0032872
0032873
0032874
0032875
0032876
0032877
0032878
0032879
0032880
0032881
0032882
0032883
0032884
0032885
0032886
0032887
0032888
0032889
0032890
0032891
0032892
0032893
0032894
0032895
0032896
0032897
0032898
0032899
0032900
0032901
0032902
0032903
0032904
0032905
0032906
0032907
0032908
0032909
0032910
0032911
0032912
0032913
0032914
0032915
0032916
0032917
0032918
0032919
0032920
0032921
0032922
0032923
0032924
0032925
0032926
0032927
0032928
0032929
0032930
0032931
0032932
0032933
0032934
0032935
0032936
0032937
0032938
0032939
0032940
0032941
0032942
0032943
0032944
0032945
0032946
0032947
0032948
0032949
0032950
0032951
0032952
0032953
0032954
0032955
0032956
0032957
0032958
0032959
0032960
0032961
0032962
0032963
0032964
0032965
0032966
0032967
0032968
0032969
0032970
0032971
0032972
0032973
0032974
0032975
0032976
0032977
0032978
0032979
0032980
0032981
0032982
0032983
0032984
0032985
0032986
0032987
0032988
0032989
0032990
0032991
0032992
0032993
0032994
0032995
0032996
0032997
0032998
0032999
0033000
0033001
0033002
0033003
0033004
0033005
0033006
0033007
0033008
0033009
0033010
0033011
0033012
0033013
0033014
0033015
0033016
0033017
0033018
0033019
0033020
0033021
0033022
0033023
0033024
0033025
0033026
0033027
0033028
0033029
0033030
0033031
0033032
0033033
0033034
0033035
0033036
0033037
0033038
0033039
0033040
0033041
0033042
0033043
0033044
0033045
0033046
0033047
0033048
0033049
0033050
0033051
0033052
0033053
0033054
0033055
0033056
0033057
0033058
0033059
0033060
0033061
0033062
0033063
0033064
0033065
0033066
0033067
0033068
0033069
0033070
0033071
0033072
0033073
0033074
0033075
0033076
0033077
0033078
0033079
0033080
0033081
0033082
0033083
0033084
0033085
0033086
0033087
0033088
0033089
0033090
0033091
0033092
0033093
0033094
0033095
0033096
0033097
0033098
0033099
0033100
0033101
0033102
0033103
0033104
0033105
0033106
0033107
0033108
0033109
0033110
0033111
0033112
0033113
0033114
0033115
0033116
0033117
0033118
0033119
0033120
0033121
0033122
0033123
0033124
0033125
0033126
0033127
0033128
0033129
0033130
0033131
0033132
0033133
0033134
0033135
0033136
0033137
0033138
0033139
0033140
0033141
0033142
0033143
0033144
0033145
0033146
0033147
0033148
0033149
0033150
0033151
0033152
0033153
0033154
0033155
0033156
0033157
0033158
0033159
0033160
0033161
0033162
0033163
0033164
0033165
0033166
0033167
0033168
0033169
0033170
0033171
0033172
0033173
0033174
0033175
0033176
0033177
0033178
0033179
0033180
0033181
0033182
0033183
0033184
0033185
0033186
0033187
0033188
0033189
0033190
0033191
0033192
0033193
0033194
0033195
0033196
0033197
0033198
0033199
0033200
0033201
0033202
0033203
0033204
0033205
0033206
0033207
0033208
0033209
0033210
0033211
0033212
0033213
0033214
0033215
0033216
0033217
0033218
0033219
0033220
0033221
0033222
0033223
0033224
0033225
0033226
0033227
0033228
0033229
0033230
0033231
0033232
0033233
0033234
0033235
0033236
0033237
0033238
0033239
0033240
0033241
0033242
0033243
0033244
0033245
0033246
0033247
0033248
0033249
0033250
0033251
0033252
0033253
0033254
0033255
0033256
0033257
0033258
0033259
0033260
0033261
0033262
0033263
0033264
0033265
0033266
0033267
0033268
0033269
0033270
0033271
0033272
0033273
0033274
0033275
0033276
0033277
0033278
0033279
0033280
0033281
0033282
0033283
0033284
0033285
0033286
0033287
0033288
0033309
0033310
0033311
0033312
0033313
0033314
0033315
0033316
0033317
0033318
0033319
0033320
0033321
0033322
0033323
0033324
0033325
0033326
0033327
0033328
0033329
0033330
0033331
0033332
0033333
0033334
0033335
0033336
0033337
0033338
0033339
0033340
0033341
0033342
0033343
0033344
0033345
0033346
0033347
0033348
0033349
0033350
0033351
0033354
0033355
0033356
0033357
0033358
0033359
0033360
0033361
0033362
0033363
0033364
0033365
0033366
0033367
0033368
0033369
0033370
0033371
0033372
0033373
0033374
0033375
0033376
0033377
0033378
0033379
0033380
0033381
0033382
0033383
0033384
0033385
0033386
0033387
0033388
0033389
0033390
0033391
0033392
0033393
0033394
0033395
0033396
0033401
0033405
0033406
0033407
0033408
0033409
0033410
0033411
0033412
0033414
0033417
0033419
0033420
0033421
0033422
0033423
0033424
0033425
0033426
0033427
0033429
0033431
0033432
0033433
0033434
0033435
0033436
0033438
0033439
0033440
0033441
0033442
0033447
0033448
0033452
0033453
0033454
0033455
0033459
0033460
0033461
0033462
0033463
0033464
0033465
0033466
0033467
0033468
0033469
0033470
0033471
0033472
0033473
0033474
0033475
0033476
0033477
0033478
0033479
0033480
0033481
0033482
0033483
0033484
0033485
0033486
0033487
0033488
0033489
0033490
0033503
0033506
0033507
0033508
0033510
0033511
0033512
0033513
0033514
0033515
0033516
0033517
0033518
0033519
0033520
0033521
0033522
0033523
0033524
0033525
0033526
0033527
0033528
0033529
0033607
0033608
0033609
0033610
0033611
0033612
0033614
0033615
0033616
0033617
0033618
0033619
0033771
0033772
0033773
0033774
0033775
0033776
0033777
0033778
0033779
0033780
0033781
0033782
0033783
0033785
0033786
0033826
0033827
0033828
0033829
0033830
0033831
0033832
0033833
0033834
0033835
0033836
0033837
0033838
0033839
0033840
0033841
0033852
0033853
0033854
0033855
0033856
0033857
0033858
0033859
0033860
0033861
0033862
0033863
0033864
0033865
0033866
0033867
0033868
0033869
0033870
0033871
0033872
0033873
0033874
0033875
0033876
0033877
0033878
0033879
0033880
0033881
0033882
0033883
0033884
0033885
0033886
0033887
0033888
0033889
0033890
0033891
0033892
0033893
0033894
0033895
0033896
0033897
0033899
0033927
0033928
0033929
0033930
0033931
0033932
0033933
0033934
0033935
0033936
0033937
0033938
0033939
0033940
0033941
0033942
0033944
0033945
0033946
0033947
0033948
0033949
0033950
0033951
0033952
0033953
0033954
0033955
0033956
0033957
0033958
0033959
0033960
0033961
0033962
0033963
0033964
0033965
0033966
0033967
0033968
0033969
0033970
0033971
0033972
0033973
0033974
0033975
0033976
0033977
0033978
0033979
0033980
0033981
0033982
0033983
0033984
0033985
0033986
0033987
0033988
0033989
0033990
0033991
0033992
0033993
0033994
0033995
0033996
0033997
0033998
0033999
0034000
0034001
0034002
0034003
0034004
0034005
0034006
0034007
0034008
0034009
0034010
0034011
0034012
0034013
0034014
0034015
0034016
0034017
0034018
0034019
0034020
0034021
0034022
0034023
0034024
0034025
0034026
0034027
0034028
0034029
0034030
0034031
0034032
0034033
0034034
0034035
0034036
0034037
0034038
0034039
0034040
0034041
0034042
0034043
0034044
0034045
0034046
0034047
0034048
0034049
0034050
0034051
0034052
0034053
0034054
0034055
0034056
0034057
0034058
0034059
0034060
0034061
0034062
0034063
0034064
0034065
0034066
0034067
0034068
0034069
0034070
0034071
0034072
0034073
0034074
0034075
0034076
0034077
0034078
0034079
0034080
0034081
0034082
0034083
0034084
0034085
0034086
0034087
0034088
0034089
0034090
0034091
0034092
0034093
0034094
0034096
0034098
0034099
0034100
0034101
0034106
0034107
0034108
0034109
0034110
0034111
0034112
0034113
0034114
0034115
0034116
0034117
0034118
0034119
0034120
0034121
0034122
0034123
0034124
0034125
0034126
0034127
0034128
0034129
0034130
0034131
0034132
0034133
0034134
0034135
0034136
0034137
0034138
0034139
0034140
0034141
0034142
0034143
0034144
0034145
0034146
0034147
0034148
0034149
0034150
0034151
0034152
0034153
0034154
0034155
0034156
0034157
0034158
0034159
0034160
0034161
0034162
0034163
0034164
0034165
0034166
0034167
0034168
0034169
0034170
0034171
0034172
0034173
0034174
0034175
0034176
0034177
0034178
0034179
0034180
0034181
0034182
0034183
0034184
0034185
0034186
0034187
0034188
0034189
0034190
0034191
0034192
0034193
0034194
0034195
0034196
0034197
0034198
0034199
0034200
0034201
0034202
0034203
0034204
0034205
0034206
0034207
0034208
0034209
0034210
0034211
0034212
0034213
0034214
0034215
0034216
0034217
0034218
0034219
0034220
0034221
0034222
0034223
0034224
0034225
0034226
0034227
0034228
0034229
0034230
0034231
0034232
0034233
0034234
0034235
0034236
0034237
0034238
0034239
0034240
0034241
0034242
0034243
0034244
0034245
0034246
0034247
0034248
0034249
0034250
0034251
0034252
0034253
0034254
0034255
0034256
0034257
0034258
0034259
0034260
0034261
0034262
0034263
0034264
0034265
0034266
0034267
0034268
0034269
0034270
0034271
0034272
0034273
0034274
0034275
0034276
0034277
0034278
0034279
0034280
0034281
0034282
0034283
0034284
0034285
0034286
0034287
0034288
0034289
0034290
0034291
0034292
0034293
0034294
0034295
0034296
0034297
0034298
0034299
0034300
0034301
0034302
0034303
0034304
0034305
0034306
0034310
0034311
0034312
0034313
0034314
0034315
0034316
0034317
0034318
0034319
0034320
0034321
0034322
0034323
0034324
0034325
0034326
0034327
0034328
0034329
0034330
0034331
0034332
0034333
0034334
0034335
0034336
0034337
0034338
0034339
0034340
0034341
0034342
0034343
0034344
0034345
0034346
0034347
0034348
0034349
0034350
0034351
0034352
0034353
0034354
0034355
0034356
0034357
0034358
0034359
0034360
0034361
0034362
0034363
0034364
0034365
0034366
0034367
0034368
0034369
0034370
0034371
0034372
0034373
0034374
0034375
0034376
0034377
0034378
0034379
0034380
0034381
0034382
0034383
0034384
0034385
0034386
0034387
0034388
0034389
0034390
0034391
0034392
0034393
0034394
0034395
0034396
0034397
0034398
0034399
0034400
0034401
0034402
0034403
0034404
0034405
0034406
0034407
0034408
0034409
0034410
0034411
0034412
0034413
0034414
0034415
0034416
0034417
0034418
0034419
0034420
0034421
0034422
0034423
0034424
0034425
0034426
0034427
0034428
0034429
0034430
0034431
0034432
0034433
0034434
0034435
0034436
0034437
0034438
0034439
0034440
0034441
0034442
0034443
0034444
0034445
0034446
0034447
0034448
0034449
0034450
0034451
0034452
0034453
0034454
0034455
0034456
0034457
0034458
0034459
0034460
0034461
0034462
0034463
0034464
0034465
0034466
0034467
0034468
0034479
0034486
0034499
0034513
0034526
0034528
0034534
0034535
0034540
0034556
0034574
0034576
0034605
0034606
0034607
0034608
0034609
0034610
0034611
0034612
0034613
0034614
0034615
0034616
0034617
0034618
0034619
0034620
0034621
0034622
0034624
0034625
0034626
0034627
0034628
0034629
0034630
0034631
0034632
0034633
0034634
0034635
0034636
0034637
0034638
0034639
0034640
0034641
0034642
0034643
0034644
0034645
0034646
0034647
0034648
0034649
0034650
0034651
0034652
0034653
0034654
0034655
0034656
0034657
0034658
0034659
0034660
0034661
0034662
0034663
0034664
0034665
0034666
0034667
0034668
0034669
0034670
0034671
0034672
0034673
0034674
0034675
0034676
0034677
0034678
0034679
0034680
0034681
0034682
0034683
0034684
0034685
0034686
0034687
0034688
0034689
0034690
0034691
0034692
0034693
0034695
0034696
0034698
0034699
0034700
0034701
0034702
0034703
0034704
0034705
0034706
0034707
0034709
0034710
0034711
0034713
0034714
0034715
0034716
0034717
0034718
0034719
0034720
0034721
0034722
0034723
0034724
0034725
0034726
0034727
0034728
0034730
0034731
0034732
0034734
0034735
0034736
0034737
0034738
0034739
0034740
0034741
0034742
0034743
0034744
0034745
0034746
0034747
0034748
0034749
0034750
0034751
0034752
0034753
0034754
0034755
0034756
0034757
0034758
0034759
0034760
0034761
0034762
0034763
0034764
0034765
0034766
0034767
0034768
0034775
0034777
0034778
0034780
0034781
0034782
0034783
0034784
0034785
0034786
0034787
0034788
0034789
0034790
0034791
0034792
0034793
0034794
0034795
0034796
0034797
0034798
0034799
0034800
0034801
0034802
0034803
0034804
0034805
0034806
0034807
0034808
0034809
0034810
0034811
0034812
0034813
0034814
0034815
0034816
0034817
0034818
0034819
0034820
0034821
0034822
0034823
0034824
0034825
0034826
0034827
0034828
0034829
0034830
0034831
0034832
0034833
0034834
0034835
0034836
0034837
0034838
0034839
0034840
0034841
0034842
0034843
0034844
0034845
0034846
0034847
0034848
0034849
0034850
0034851
0034854
0034855
0034856
0034857
0034858
0034859
0034864
0034868
0034869
0034870
0034871
0034872
0034873
0034874
0034875
0034876
0034877
0034878
0034879
0034880
0034881
0034882
0034883
0034896
0034897
0034898
0034899
0034900
0034901
0034902
0034903
0034904
0034905
0034906
0034908
0034909
0034910
0034911
0034912
0034913
0034914
0034915
0034916
0034919
0034920
0034921
0034922
0034924
0034925
0034926
0034929
0034930
0034932
0034933
0034935
0034936
0034937
0034939
0034940
0034945
0034946
0034947
0034948
0034949
0034952
0034954
0034967
0034979
0034980
0034984
0034985
0034987
0034989
0034991
0034993
0034994
0034995
0034997
0035001
0035002
0035004
0035005
0035006
0035007
0035008
0035010
0035011
0035012
0035013
0035014
0035015
0035016
0035017
0035018
0035019
0035020
0035021
0035022
0035023
0035024
0035025
0035026
0035027
0035028
0035029
0035030
0035031
0035032
0035033
0035034
0035035
0035036
0035037
0035038
0035039
0035040
0035041
0035042
0035043
0035044
0035045
0035046
0035047
0035048
0035049
0035050
0035051
0035052
0035053
0035054
0035055
0035056
0035057
0035058
0035059
0035060
0035061
0035062
0035063
0035064
0035065
0035066
0035067
0035068
0035069
0035070
0035071
0035072
0035073
0035074
0035075
0035076
0035077
0035078
0035079
0035080
0035081
0035082
0035083
0035084
0035085
0035086
0035087
0035088
0035089
0035090
0035091
0035093
0035094
0035095
0035096
0035097
0035098
0035099
0035100
0035101
0035102
0035103
0035104
0035105
0035106
0035107
0035108
0035109
0035110
0035112
0035113
0035114
0035115
0035116
0035117
0035118
0035119
0035120
0035121
0035122
0035123
0035124
0035125
0035127
0035128
0035129
0035130
0035131
0035132
0035133
0035134
0035135
0035136
0035138
0035139
0035140
0035141
0035142
0035143
0035144
0035145
0035146
0035147
0035148
0035149
0035150
0035151
0035152
0035153
0035154
0035155
0035156
0035157
0035158
0035159
0035160
0035161
0035162
0035163
0035164
0035165
0035166
0035167
0035168
0035169
0035170
0035171
0035172
0035173
0035174
0035175
0035176
0035177
0035178
0035179
0035180
0035181
0035182
0035183
0035184
0035185
0035186
0035187
0035188
0035189
0035190
0035191
0035192
0035193
0035194
0035195
0035196
0035197
0035198
0035199
0035200
0035201
0035202
0035203
0035204
0035205
0035206
0035207
0035208
0035209
0035210
0035211
0035212
0035213
0035214
0035216
0035217
0035218
0035219
0035220
0035221
0035222
0035223
0035224
0035225
0035226
0035227
0035228
0035229
0035230
0035231
0035232
0035233
0035234
0035235
0035236
0035237
0035238
0035239
0035240
0035241
0035242
0035243
0035244
0035245
0035246
0035247
0035248
0035249
0035250
0035251
0035252
0035253
0035254
0035255
0035320
0035321
0035322
0035323
0035324
0035325
0035326
0035327
0035328
0035329
0035330
0035331
0035332
0035333
0035334
0035336
0035337
0035338
0035339
0035340
0035341
0035342
0035343
0035344
0035345
0035346
0035347
0035348
0035349
0035350
0035351
0035352
0035353
0035354
0035355
0035356
0035357
0035358
0035359
0035360
0035361
0035362
0035363
0035364
0035365
0035366
0035367
0035368
0035369
0035370
0035371
0035372
0035373
0035374
0035375
0035376
0035377
0035378
0035379
0035380
0035381
0035382
0035383
0035384
0035385
0035386
0035387
0035388
0035389
0035390
0035391
0035392
0035393
0035394
0035395
0035396
0035397
0035398
0035399
0035400
0035401
0035402
0035404
0035405
0035406
0035407
0035408
0035409
0035410
0035411
0035412
0035413
0035414
0035415
0035416
0035417
0035418
0035419
0035420
0035421
0035422
0035423
0035424
0035425
0035426
0035427
0035428
0035429
0035430
0035431
0035432
0035433
0035434
0035435
0035436
0035437
0035438
0035439
0035440
0035441
0035442
0035443
0035444
0035445
0035446
0035447
0035448
0035449
0035450
0035451
0035452
0035453
0035454
0035455
0035456
0035457
0035458
0035459
0035460
0035461
0035462
0035463
0035464
0035465
0035466
0035467
0035468
0035469
0035470
0035471
0035472
0035473
0035474
0035475
0035476
0035477
0035478
0035479
0035480
0035481
0035482
0035483
0035484
0035485
0035486
0035487
0035488
0035489
0035490
0035491
0035492
0035493
0035494
0035495
0035496
0035497
0035498
0035499
0035500
0035501
0035502
0035503
0035504
0035505
0035506
0035507
0035508
0035509
0035510
0035511
0035512
0035513
0035514
0035515
0035516
0035517
0035518
0035519
0035520
0035521
0035522
0035523
0035524
0035525
0035526
0035527
0035528
0035529
0035531
0035532
0035533
0035534
0035535
0035536
0035537
0035538
0035541
0035542
0035543
0035544
0035545
0035546
0035547
0035548
0035549
0035550
0035551
0035552
0035553
0035554
0035555
0035556
0035558
0035559
0035560
0035561
0035650
0035651
0035652
0035653
0035654
0035655
0035656
0035657
0035658
0035659
0035660
0035661
0035662
0035663
0035664
0035665
0035666
0035667
0035668
0035669
0035670
0035671
0035672
0035673
0035674
0035675
0035676
0035677
0035678
0035679
0035680
0035681
0035682
0035683
0035684
0035685
0035686
0035687
0035688
0035689
0035690
0035691
0035692
0035693
0035694
0035695
0035696
0035697
0035698
0035699
0035700
0035701
0035702
0035703
0035704
0035705
0035706
0035707
0035708
0035709
0035710
0035711
0035712
0035713
0035714
0035715
0035716
0035717
0035718
0035719
0035720
0035721
0035722
0035723
0035724
0035725
0035726
0035727
0035728
0035729
0035730
0035731
0035732
0035733
0035734
0035735
0035736
0035737
0035738
0035739
0035740
0035741
0035742
0035743
0035744
0035745
0035746
0035747
0035748
0035749
0035750
0035751
0035752
0035753
0035754
0035755
0035756
0035757
0035758
0035759
0035760
0035761
0035770
0035771
0035772
0035773
0035774
0035775
0035776
0035777
0035778
0035779
0035780
0035781
0035782
0035783
0035784
0035785
0035786
0035787
0035788
0035789
0035790
0035791
0035792
0035793
0035794
0035795
0035796
0035797
0035798
0035799
0035800
0035801
0035802
0035803
0035804
0035805
0035806
0035807
0035808
0035809
0035811
0035812
0035813
0035814
0035815
0035816
0035817
0035818
0035819
0035820
0035821
0035822
0035823
0035824
0035825
0035826
0035827
0035828
0035829
0035840
0035841
0035844
0035847
0035849
0035850
0035851
0035852
0035853
0035854
0035855
0035856
0035857
0035858
0035859
0035860
0035861
0035862
0035863
0035864
0035865
0035866
0035867
0035868
0035869
0035870
0035871
0035872
0035873
0035874
0035875
0035876
0035877
0035878
0035879
0035880
0035881
0035882
0035883
0035884
0035885
0035886
0035887
0035888
0035889
0035890
0035891
0035892
0035893
0035894
0035895
0035896
0035897
0035898
0035899
0035900
0035901
0035902
0035903
0035904
0035905
0035906
0035907
0035908
0035909
0035910
0035911
0035912
0035913
0035914
0035915
0035917
0035918
0035919
0035920
0035921
0035922
0035923
0035924
0035925
0035928
0035929
0035930
0035931
0035932
0035933
0035934
0035935
0035936
0035938
0035939
0035940
0035941
0035942
0035944
0035945
0035946
0035947
0035948
0035949
0035950
0035951
0035952
0035953
0035954
0035955
0035956
0035957
0035958
0035959
0035960
0035961
0035962
0035963
0035964
0035965
0035966
0035967
0035968
0035969
0035970
0035971
0035972
0035973
0035974
0035975
0035976
0035977
0035978
0035979
0035980
0035981
0035982
0035983
0035984
0035985
0035986
0035987
0035988
0035989
0035990
0035991
0035992
0035993
0035994
0035995
0035996
0035997
0035998
0035999
0036000
0036001
0036002
0036003
0036004
0036005
0036006
0036007
0036008
0036009
0036010
0036011
0036012
0036013
0036014
0036015
0036016
0036017
0036018
0036021
0036022
0036023
0036024
0036025
0036026
0036027
0036028
0036029
0036030
0036031
0036032
0036033
0036034
0036035
0036036
0036060
0036061
0036062
0036063
0036065
0036066
0036067
0036068
0036069
0036070
0036071
0036072
0036073
0036074
0036093
0036094
0036095
0036096
0036097
0036098
0036099
0036100
0036101
0036102
0036103
0036104
0036105
0036106
0036107
0036108
0036109
0036110
0036111
0036112
0036113
0036114
0036115
0036116
0036117
0036118
0036119
0036120
0036121
0036122
0036123
0036124
0036125
0036126
0036127
0036128
0036129
0036130
0036131
0036132
0036133
0036134
0036135
0036137
0036138
0036139
0036140
0036141
0036142
0036146
0036148
0036149
0036151
0036152
0036158
0036163
0036166
0036176
0036183
0036194
0036198
0036202
0036207
0036212
0036213
0036214
0036215
0036216
0036217
0036218
0036219
0036220
0036221
0036222
0036223
0036224
0036225
0036226
0036227
0036228
0036229
0036230
0036231
0036232
0036233
0036234
0036235
0036236
0036245
0036246
0036247
0036250
0036251
0036252
0036253
0036254
0036255
0036256
0036257
0036258
0036259
0036260
0036261
0036262
0036263
0036264
0036265
0036266
0036267
0036268
0036269
0036270
0036271
0036272
0036273
0036274
0036275
0036276
0036277
0036278
0036279
0036280
0036282
0036283
0036284
0036285
0036286
0036287
0036288
0036289
0036290
0036291
0036292
0036293
0036294
0036295
0036296
0036297
0036298
0036305
0036306
0036307
0036311
0036312
0036313
0036314
0036315
0036316
0036317
0036318
0036319
0036320
0036321
0036322
0036323
0036324
0036325
0036326
0036327
0036328
0036329
0036330
0036331
0036332
0036333
0036334
0036335
0036336
0036337
0036338
0036339
0036340
0036341
0036342
0036343
0036344
0036345
0036346
0036347
0036348
0036349
0036350
0036351
0036352
0036353
0036354
0036355
0036356
0036357
0036358
0036359
0036360
0036361
0036362
0036363
0036364
0036365
0036366
0036367
0036368
0036369
0036370
0036371
0036372
0036373
0036374
0036375
0036376
0036377
0036378
0036379
0036380
0036381
0036382
0036383
0036384
0036385
0036386
0036387
0036388
0036389
0036390
0036391
0036392
0036393
0036394
0036395
0036396
0036398
0036400
0036401
0036402
0036403
0036404
0036405
0036406
0036407
0036408
0036409
0036410
0036411
0036412
0036413
0036414
0036415
0036416
0036418
0036419
0036420
0036421
0036422
0036423
0036424
0036425
0036426
0036427
0036428
0036429
0036430
0036431
0036432
0036433
0036434
0036435
0036436
0036437
0036438
0036439
0036440
0036441
0036443
0036444
0036445
0036446
0036448
0036449
0036451
0036452
0036453
0036454
0036455
0036456
0036457
0036458
0036459
0036461
0036462
0036463
0036464
0036465
0036466
0036467
0036468
0036469
0036470
0036471
0036472
0036473
0036474
0036475
0036476
0036477
0036478
0036479
0036480
0036481
0036482
0036483
0036484
0036485
0036486
0036487
0036488
0036489
0036490
0036491
0036492
0036493
0036494
0036495
0036496
0036497
0036498
0036499
0036500
0036501
0036502
0036503
0036505
0036506
0036507
0036508
0036509
0036510
0036511
0036513
0036515
0036516
0036517
0036518
0036519
0036520
0036521
0036522
0036523
0036524
0036525
0036526
0036527
0036528
0036529
0036530
0036531
0036532
0036533
0036534
0036535
0036536
0036537
0036538
0036539
0036540
0036541
0036542
0036543
0036544
0036545
0036546
0036547
0036548
0036549
0036550
0036551
0036552
0036553
0036554
0036555
0036556
0036557
0036558
0036559
0036560
0036561
0036562
0036563
0036564
0036565
0036567
0036568
0036569
0036570
0036571
0036572
0036574
0036575
0036576
0036577
0036578
0036579
0036580
0036581
0036582
0036584
0036585
0036586
0036587
0036588
0036590
0036591
0036592
0036594
0036595
0036596
0036597
0036598
0036599
0036600
0036601
0036602
0036603
0036604
0036605
0036606
0036607
0036608
0036609
0036610
0036611
0036613
0036614
0036616
0036617
0036618
0036619
0036621
0036622
0036623
0036624
0036625
0036627
0036630
0036631
0036632
0036633
0036634
0036635
0036636
0036637
0036638
0036639
0036641
0036642
0036646
0036647
0036648
0036649
0036650
0036651
0036652
0036660
0036662
0037608
0037609
0037611
0037612
0037613
0037614
0037615
0037616
0037617
0037618
0037619
0037621
0037622
0037623
0037624
0037625
0037626
0037627
0037628
0037629
0037630
0037631
0037632
0037633
0037634
0037635
0037636
0037637
0037638
0037639
0037640
0037641
0037642
0037643
0037644
0037646
0037648
0037649
0037651
0037652
0037653
0037654
0037655
0037656
0037657
0037658
0037659
0037660
0037661
0037662
0037663
0037664
0037665
0037666
0037667
0037668
0037669
0037670
0037671
0037672
0037673
0037674
0037675
0037676
0037677
0037678
0037679
0037680
0037681
0037682
0037683
0037684
0037685
0037686
0037687
0037688
1000009
1000115
1000157
1000353
1000356
1000376
1000467
1000486
1000488
1000489
1000490
1000496
1000504
1000506
1000508
1000522
1000979
1001062
1001088
2000302
2000425
2000439
2000448
2000524
2000643
2001501
2001502
2001504
2001509
2001512
2001513
4000006
4000015
4000017
4000019
4000054
4000090
4000100
4000104
4000107
4000128
4000144
4000145
4000146
4000147
4000148
4000149
4000150
4000151
4000152
